5,20,10,1,;
-0.3809209,0.1576336,0.07940559,1.115223,;
0.0:0.3855107,-0.4082288,-0.09243077,0.1480104,-0.04431647,0.1367895,0.09970683,-0.1292675,-0.182306,0.04419478,0.2325522,-0.3068967,-0.08987264,-0.1645314,0.316159,-0.2523925,0.00967404,0.1701653,0.3485011,-0.3438841,;
0.1:0.1451757,-0.005685627,0.6187733,0.1471918,-0.2836596,0.07427207,-0.006961946,-0.03613118,0.02812829,0.07736062,0.4274451,-0.205739,-0.0004529702,0.1810256,0.0009427037,-0.1225537,0.1569224,-0.1027201,0.3291997,-0.005199794,;
0.2:-2.95905,0.2857197,0.08276537,-0.3621932,0.325507,-0.1977047,0.2074334,-0.2012175,0.01192588,-0.02798777,-0.441239,0.5303379,0.06801242,0.1539361,0.09791258,-0.111001,-0.00338185,-0.01558974,0.3073096,0.125732,;
0.3:-0.08223635,0.8217063,-0.08512574,0.3145393,-0.1036204,0.009343221,-0.1432714,-0.007692108,0.3076655,-0.06046861,0.05644864,-0.02773887,0.07900268,1.467933,0.3391564,0.0333398,0.1223176,-0.0007931734,-0.1934097,-0.6208503,;
0.4:-0.05559953,0.05361573,-0.1633678,-0.4871692,0.2612305,0.4406969,-0.04671887,0.1169985,-0.3583078,-0.4551313,0.4600602,-1.05613,0.001529357,-0.1772992,0.008564169,-0.3078329,0.3154527,-0.1244916,-0.1516604,0.3471577,;
1.0:0.4809172,0.1999689,0.338192,-0.1892166,-0.0006845,0.130108,0.1261939,-0.1763896,0.005105419,0.08471856,;
1.1:0.201601,-0.007940697,0.1233453,-0.1257836,0.4883949,-0.04228384,0.1347009,-0.02526063,0.01272768,-0.2720027,;
1.2:-0.01333341,-0.0495546,-0.0004512176,-0.8370771,0.3936114,-0.3287542,0.05733436,0.01915475,-0.3658587,-0.000288649,;
1.3:-0.1512867,0.09064617,0.3963635,0.003105174,-0.2353089,-0.04135841,0.01296039,-0.1737649,-0.0006606191,0.1239862,;
1.4:-0.2112637,0.003662726,0.2642024,-0.04162377,-0.1951796,-0.05025965,-0.2898499,0.2579569,-0.08974333,0.2422516,;
1.5:0.03791898,0.1811079,0.2561415,-0.4242506,0.9121235,-0.114193,0.3631585,-0.4090519,-0.07432312,0.3835198,;
1.6:0.3111613,0.3478785,0.4583137,0.1015014,-0.4017886,0.1515387,-0.1295095,0.5478768,-0.0143667,1.707105E-06,;
1.7:0.003443087,0.04973726,0.1743932,0.3961401,0.02446439,0.3636112,0.004820438,0.06304604,0.03599221,-0.1738387,;
1.8:4.466403E-07,1.510152,-0.46896,-0.007740777,-0.004240941,1.844147E-05,0.0339297,0.2428764,0.007791175,0.05168822,;
1.9:-0.4858851,-0.01347929,-0.007590057,-0.3912338,-0.01121467,-0.1411315,1.111837E-05,0.9066731,-0.1983336,-0.07583358,;
1.10:-0.2045054,0.2667604,-0.3583522,-0.05331868,-0.1026893,0.1660271,0.2342631,-0.3793688,0.4792327,-0.1148814,;
1.11:-0.4969316,-0.3573015,1.284771,-0.3753661,0.5512632,-0.2389286,-0.09401254,-0.008940145,-0.1782617,0.1789673,;
1.12:-0.07700203,-0.2670672,-0.2506728,0.4209605,0.8703221,0.3472198,0.7939159,-0.2481422,-0.030886,0.0031322,;
1.13:-0.4972205,0.2049756,-0.2138798,0.08149499,0.06040293,-0.2273492,0.06638032,0.370206,-0.3914989,7.746142E-05,;
1.14:0.1129209,-0.05031496,0.06438617,-0.01464058,-0.01256791,-0.2496848,0.3874505,-0.245909,-0.2489031,-0.06076089,;
1.15:-0.2066379,0.04852096,0.3512254,-0.0001890173,0.07011193,0.01936366,-0.2365472,-0.2670833,0.1485587,-0.2442743,;
1.16:0.2185182,0.3019235,0.04656667,-0.1556363,-0.3160253,-0.7193714,1.584699,0.2079358,0.1065639,0.2845202,;
1.17:-0.5725331,0.1315831,-0.4390122,-0.1580931,0.4096617,-0.05621598,-0.2548325,0.00321422,0.09052484,-0.3640877,;
1.18:-0.2825152,-0.03566108,0.007608235,-0.00554107,-0.1238595,0.1249579,0.007852121,-0.3964254,0.03478415,-0.3073188,;
1.19:0.1317963,0.005363365,0.1168977,0.01068055,0.3612849,0.276888,-0.002422928,-0.1982733,-0.4473866,-0.2401774,;
2.0:0.004300899,;
2.1:-0.0779976,;
2.2:0.1882272,;
2.3:0.06040949,;
2.4:-0.02031719,;
2.5:3.424318,;
2.6:0.4155642,;
2.7:0.09040058,;
2.8:-0.1773687,;
2.9:-0.02995473,;
3.0:;
end 
gen: 151